1680503707646544128.000000 0.000000000 0.000000000 0.000000000 -0.000000000 -0.000000000 -0.000000000 1.000000000
1680503707780147200.000000 0.002679100 0.000446141 -0.002478956 0.000805079 0.010347391 0.002876399 0.999942005
1680503707844054528.000000 0.004286287 0.003782657 0.005466740 0.005441491 0.016666219 -0.008587326 0.999809444
1680503707984080896.000000 0.005375252 0.004803214 0.004958649 0.019417588 0.020653766 -0.006865432 0.999574542
1680503708290289408.000000 0.005953274 0.006992155 0.004948847 0.037268993 0.021352965 0.012220387 0.999002397
1680503708479226624.000000 0.001473101 0.008418434 -0.011950988 0.025927408 -0.001162398 0.016712304 0.999523461
1680503708715776512.000000 0.003947366 0.008198282 -0.011763730 -0.002003014 0.032286815 0.003477515 0.999470592
1680503708781139456.000000 0.005132291 0.009981193 -0.008053438 -0.002836506 0.043099239 0.006786556 0.999043763
1680503709483297536.000000 0.013310481 0.008437501 0.001231424 0.001694733 0.039059736 0.008406018 0.999200106
1680503709693605376.000000 0.017928218 0.009091509 0.011089202 0.011969896 0.047334161 -0.004503684 0.998797238
1680503709983508736.000000 0.017945182 0.008752812 0.015655896 -0.006218746 0.050851539 0.005950683 0.998669147
1680503710180196096.000000 0.018954653 0.009469009 0.027522942 -0.012738594 0.051196650 0.008752802 0.998569012
1680503710286236160.000000 0.019189581 0.009381063 0.032502715 -0.012534818 0.052002277 0.012670239 0.998487949
1680503710382153472.000000 0.019803584 0.009828315 0.038022880 -0.018841248 0.051427376 0.013114505 0.998412907
1680503710482400000.000000 0.020145176 0.009212984 0.040982351 -0.026253186 0.048647031 0.020244956 0.998265684
1680503710673325824.000000 0.021251585 0.011996967 0.054883890 -0.042737223 0.034878410 0.010291982 0.998424292
1680503710781313024.000000 0.020677932 0.011684542 0.060222909 -0.042569958 0.027398871 0.004862588 0.998705924
1680503711237429504.000000 0.022431253 0.010430027 0.077891044 -0.072250262 0.059215143 0.003638038 0.995620549
1680503711439692800.000000 0.021794699 0.011233349 0.081069626 -0.084939644 0.067602560 -0.008091587 0.994057178
1680503711779550720.000000 0.021274358 0.012276826 0.091108948 -0.098797604 0.070180364 0.003898314 0.992622077
1680503711979992576.000000 0.023144610 0.014433309 0.101272091 -0.100152515 0.059142996 0.010099528 0.993161380
1680503712111647488.000000 0.024667233 0.014543933 0.108988032 -0.101527259 0.056780852 0.005971322 0.993193090
1680503712314592256.000000 0.028086074 0.015838793 0.121921137 -0.090592094 0.041237745 -0.016527932 0.994896650
1680503712647373312.000000 0.031820800 0.015721977 0.137620106 -0.084367454 0.034317289 -0.007220558 0.995817423
1680503712746385408.000000 0.032529511 0.015977088 0.141472936 -0.084306397 0.034554023 -0.010055585 0.995789826
1680503712870448640.000000 0.032992344 0.016444707 0.147352293 -0.084508181 0.035522863 -0.010256290 0.995736539
1680503713210094336.000000 0.033573184 0.019546323 0.167170480 -0.085918643 0.037616976 -0.012008123 0.995519340
1680503713484865024.000000 0.035067607 0.019332200 0.183735371 -0.079437129 0.049861558 -0.003527828 0.995585859
1680503713648688896.000000 0.034886695 0.019460211 0.191762507 -0.078568660 0.053463992 -0.003566662 0.995467663
1680503713777592576.000000 0.035692591 0.020601798 0.198625803 -0.087651163 0.053710129 -0.004930575 0.994690001
1680503713918227712.000000 0.037244707 0.021540795 0.206604034 -0.090492502 0.055385508 0.000309999 0.994355857
1680503714190636032.000000 0.038170736 0.022952463 0.221791416 -0.087913029 0.059763242 -0.004305610 0.994324505
1680503714457776384.000000 0.040234197 0.023233097 0.236060888 -0.090789028 0.054202519 -0.015865238 0.994267464
1680503714587382528.000000 0.040556144 0.024165293 0.242726460 -0.091216296 0.054323398 -0.014840730 0.994237602
1680503714749528064.000000 0.041432835 0.026551932 0.253266066 -0.094676912 0.056576356 -0.012780555 0.993816912
1680503715240431872.000000 0.041180160 0.030129656 0.281774372 -0.098719478 0.083828323 -0.000800389 0.991577864
1680503715583736832.000000 0.039106514 0.030812800 0.294297338 -0.101599813 0.089527495 -0.004882829 0.990776718
1680503715745220864.000000 0.039470550 0.031997472 0.302724332 -0.107685477 0.080125295 -0.007416681 0.990923226
1680503716115708672.000000 0.043118402 0.033670258 0.323418319 -0.100066185 0.071751453 -0.003161384 0.992385268
1680503716317305600.000000 0.042699564 0.033122402 0.335512727 -0.095691644 0.055344671 -0.012019513 0.993798614
1680503716517169152.000000 0.043953545 0.035872124 0.344656318 -0.093662813 0.051825888 -0.014132733 0.994153738
1680503716717572864.000000 0.044480991 0.038349960 0.357433170 -0.094248071 0.051170137 -0.014489965 0.994127274
1680503716911650048.000000 0.044567224 0.039724596 0.371368527 -0.092158072 0.051537320 -0.008250740 0.994375527
1680503717118565888.000000 0.043780863 0.040531900 0.384000152 -0.091237925 0.052041527 -0.002452851 0.994465351
1680503717321967872.000000 0.044686925 0.041939612 0.396540701 -0.089675315 0.055292543 0.003130509 0.994430184
1680503717526571776.000000 0.045785837 0.043075338 0.409031868 -0.089124106 0.058005888 0.006260226 0.994310319
1680503717739239168.000000 0.048154254 0.043571666 0.422171563 -0.089785188 0.057327192 -0.007665880 0.994280398
1680503717956639744.000000 0.051570479 0.043777578 0.438072711 -0.087382831 0.061403200 -0.011335568 0.994215965
1680503718148389632.000000 0.052067943 0.043677356 0.448389709 -0.086553410 0.063646138 -0.011561825 0.994144857
1680503718342668032.000000 0.053272281 0.045671336 0.461124569 -0.086923391 0.063751012 -0.011033281 0.994111836
1680503718581122048.000000 0.053693492 0.048083004 0.477610171 -0.085576802 0.066159926 -0.007986083 0.994100451
1680503718752245760.000000 0.053546980 0.048728239 0.489123225 -0.076910533 0.067731418 -0.000822736 0.994734466
1680503718956997376.000000 0.053904582 0.048955899 0.501362324 -0.077049837 0.081632286 -0.008608780 0.993642509
1680503719179346688.000000 0.053912908 0.050391987 0.514675915 -0.076887362 0.080723606 -0.011125770 0.993704319
1680503719383460352.000000 0.055732965 0.052005086 0.528013051 -0.076326616 0.079523318 -0.007185426 0.993880630
1680503719576162816.000000 0.057396345 0.052787818 0.540918469 -0.075558878 0.063933350 -0.010006573 0.995039344
1680503719780146432.000000 0.058767717 0.053205729 0.553936839 -0.076762088 0.060404263 -0.012425165 0.995140433
1680503720020477696.000000 0.060114760 0.055330738 0.567015588 -0.080035321 0.058334775 -0.009546943 0.995037854
1680503720321992192.000000 0.060957361 0.059282314 0.587683976 -0.087736182 0.061244380 -0.018505221 0.994087040
1680503720578712576.000000 0.061801556 0.059456199 0.604796886 -0.087368913 0.043709379 -0.011297134 0.995152533
1680503720781014784.000000 0.062331311 0.059691392 0.615659475 -0.086327381 0.058619455 -0.000535845 0.994540632
1680503720978446848.000000 0.063857138 0.061229166 0.627922177 -0.087489501 0.070830718 -0.000083039 0.993644118
1680503721217463808.000000 0.064283900 0.064069249 0.641951501 -0.091365740 0.073003992 -0.009686264 0.993090570
1680503721449880576.000000 0.066169813 0.065843634 0.656763673 -0.089672819 0.070706397 -0.009729267 0.993410707
1680503721676572672.000000 0.068726495 0.066067323 0.670586586 -0.090190068 0.064758293 -0.013032815 0.993731499
1680503721916804608.000000 0.068960153 0.068180427 0.683565915 -0.095559336 0.059644386 -0.005982555 0.993617237
1680503722150957568.000000 0.070395380 0.071163356 0.700312853 -0.099047489 0.059340663 -0.004485843 0.993301630
1680503722385042688.000000 0.071871534 0.071817845 0.717188776 -0.097683936 0.070127696 -0.006514884 0.992722273
1680503722682463744.000000 0.071442939 0.072018363 0.732766688 -0.089822315 0.076613851 -0.013727453 0.992911816
1680503722917800960.000000 0.073881902 0.073785380 0.748180449 -0.095962815 0.072959930 -0.019749794 0.992510915
1680503723147415808.000000 0.078702144 0.074861795 0.764820457 -0.094012424 0.065368310 -0.016035916 0.993293285
1680503723383751424.000000 0.080316544 0.074096546 0.777833164 -0.088479616 0.061650455 -0.015364119 0.994049609
1680503723695881728.000000 0.082842171 0.074767791 0.786971152 -0.089634299 0.060012445 -0.016546914 0.994027376
1680503724125815040.000000 0.082495511 0.076050609 0.793394923 -0.093456455 0.061218843 -0.015440620 0.993619502
1680503724373236736.000000 0.083849080 0.078944832 0.812863946 -0.100932531 0.061073169 -0.011616530 0.992949009
1680503724646953728.000000 0.087364778 0.079027519 0.835711062 -0.093150407 0.073332600 -0.006797050 0.992924571
1680503724920247808.000000 0.088734888 0.079762161 0.852290869 -0.090568267 0.067032136 -0.010549763 0.993575811
1680503725198263296.000000 0.092563398 0.082439668 0.871559441 -0.090415955 0.066939250 -0.007414014 0.993624270
1680503725387213056.000000 0.095369607 0.083325304 0.883196831 -0.091031164 0.057019234 -0.011530170 0.994147480
1680503725632026880.000000 0.096505217 0.083925076 0.893810809 -0.093072824 0.057852212 -0.003981725 0.993969202
1680503725901365760.000000 0.097285718 0.084748544 0.902550399 -0.093808271 0.056156442 -0.007598283 0.993976235
1680503726111121664.000000 0.097126395 0.086441033 0.911296070 -0.096653260 0.052120592 -0.005352231 0.993938088
1680503726353181184.000000 0.098766275 0.089644775 0.932676256 -0.104682460 0.058077637 -0.002435810 0.992805481
1680503726593914624.000000 0.098084211 0.090389028 0.944293559 -0.098428950 0.062768072 0.002803261 0.993158638
1680503726844136960.000000 0.097988740 0.090392835 0.957211196 -0.093173057 0.080117568 0.014630532 0.992313445
1680503727098289664.000000 0.098010831 0.091961712 0.967154980 -0.092062004 0.059980463 -0.000252591 0.993945122
1680503727622786304.000000 0.100644223 0.093363352 0.983462155 -0.092726097 0.060696978 0.004085864 0.993831515
1680503728032301312.000000 0.102215946 0.094474971 0.999547064 -0.092274591 0.064893492 -0.009402019 0.993572295
1680503728228974080.000000 0.102788426 0.094183691 1.005957603 -0.090755314 0.060132120 -0.008171490 0.994022608
1680503728521481728.000000 0.103584044 0.094373159 1.012196541 -0.089544013 0.057700336 -0.010654995 0.994252980
1680503729109341184.000000 0.106468163 0.095094047 1.025028348 -0.087316751 0.062728718 -0.010167582 0.994151652
1680503729620005376.000000 0.105699390 0.097889587 1.035210609 -0.086681888 0.064388223 -0.010254331 0.994100213
1680503730069600256.000000 0.106280625 0.099424034 1.042789817 -0.086014099 0.063417874 -0.020641822 0.994059205
1680503730482581504.000000 0.107622288 0.099888615 1.051162958 -0.084686987 0.062659986 -0.013322727 0.994346201
1680503730716438528.000000 0.107635275 0.100144990 1.056069613 -0.083401404 0.064323090 -0.004944041 0.994425654
1680503731229694464.000000 0.108144104 0.100750059 1.060661077 -0.077197663 0.064586364 -0.001105311 0.994921088
1680503761319960576.000000 0.107603006 0.100420408 1.061670065 -0.073870137 0.065416068 -0.000647838 0.995119870
